14 8
19 11
2 16
6 4
5 1
2 3
12 2
5 19
1 10
4 8
10 6
2 6
5 17
11 10
3 9
15 12
14 7
4 17
15 4
19 7
7 10
10 20
19 4
11 5
6 9
12 1
5 13
2 7
18 5
1 11
11 13
16 17
15 18
4 14
14 4
5 6
12 11
8 9
18 13
3 8
3 18
18 19
7 5
5 11
19 4
15 5
19 1
15 4
16 1
9 11
2 3
15 9
14 15
16 9
11 10
3 15
18 7
15 7
5 18
15 12
10 4
8 14
15 8
4 3
18 4
19 5
15 6
15 12
9 5
10 2
4 17
9 6
7 17
20 1
15 13
5 1
13 7
16 4
18 14
4 3
8 6
14 7
15 1
18 10
10 4
4 2
7 15
5 17
17 15
11 16
19 1
15 8
12 9
19 18
19 16
11 16
5 3
14 9
6 11
5 15